1210
1215
1227
1303
1313
1402
1442
1504
1560
1616
1717
1907
2105
2204
2206
2236
2301
2303
2308
2312
2313
2317
2329
2330
2337
2345
2356
2357
2363
2368
2371
2375
2382
2383
2388
2392
2405
2409
2412
2421
2439
2449
2455
2471
2474
2489
2492
2493
2497
2515
2535
2536
2615
2630
2633
2645
2646
2722
2731
2801
2809
2836
2884
2888
2908
2912
3005
3017
3028
3036
3044
3090
3211
3231
3234
3260
3264
3265
3303
3374
3380
3413
3443
3515
3532
3545
3551
3576
3591
3714
4111
4167
4503
4532
4571
4572
4760
4770
4953
5315
5483
5607
5871
5876
5880
6005
6116
6125
6139
6177
6188
6191
6196
6213
6235
6257
6271
6282
6290
6425
6449
6491
6505
6510
6531
6535
6592
6617
6719
6741
6753
6757
6770
6811
6863
6906
8027
8039
8070
8210
8271
8404
8926
8996
9904
9907
9910
9930
9937
9941
